0.2975477
0.03408888
-0.093813516
0.088813275
-0.23278707
0.4261484
0.33695203
0.33397892
0.11193999
-0.02352067
0.41368124
0.6284123
0.4140302
0.33751142
0.1694301
0.3258253
0.36537004
0.48460218
0.16403413
0.16678582
0.37272418
0.39934668
0.21704762
-0.085190095
-0.24780573
0.21069542
0.20664318
0.25341862
0.11961072
0.39602408
0.29208475
0.03904694
-0.098535664
-0.19191591
0.030612256
0.28347507
-0.11238876
-0.47966006
-0.51222825
0.09558313
0.34467915
-0.21777757
-0.77077234
-0.37809068
0.049698975
0.054830864
-0.28730485
-0.4249326
-0.045300912
0.28690732
-0.24099009
-0.34690687
-0.02609094
0.36607468
0.46690065
-0.08634981
-0.0923645
0.364355
0.57609046
0.4742728
-0.06482808
-0.15958484
0.26257065
0.2795783
0.12690495
-0.20419234
-0.33114764
-0.23813297
0.14210097
-0.009942097
-0.04267707
-0.3409766
-0.21600388
-0.31587029
-0.20916252
0.39260805
0.34098572
-0.054745823
-0.1259973
-0.16166829
0.619149
0.5703569
0.0232498
-0.1383501
-0.39355624
0.3335947
0.20460436
-0.21027477
-0.45319575
-0.015513372
0.10524516
0.078314
-0.16181011
-0.1193591
-0.064819306
0.19689894
0.18356189
-0.2679972
-0.22207731
-0.12815203
-0.13872708
0.24297443
0.11286508
-0.3945531
-0.43551737
-0.07940457
0.2183406
0.0071104784
-0.44788533
-0.40392077
0.039345995
0.32233697
0.17237802
-0.013873543
-0.24169767
0.22489549
0.43634367
0.077832274
-0.20139156
0.04299415
0.3625151
0.21141632
0.27222204
0.06044331
-0.2350006
-0.2331779
-0.3634564
0.035449304
0.23436065
0.29486674
0.054143026
-0.5400257
-0.2932185
0.1188791
-0.0008757618
0.06607157
-0.4087774
-0.3759927
0.027644504
0.17400575
0.055562954
-0.54856694
-0.3632149
0.12974074
0.15300775
-0.11101976
-0.5449358
-0.3271924
0.013611895
0.3043236
