-0.060424365
0.061866682
-0.053701695
-0.07076742
0.05155814
-0.12646234
0.0023762868
0.050131556
0.023625715
-0.0451387
-0.013844901
0.10111395
0.13046244
0.16685759
0.11014805
-0.062051486
-0.10550268
0.12776238
0.12813081
-0.02850864
0.020939507
-0.05278128
0.04578227
-0.037444435
0.050035387
-0.10400914
0.16022088
0.15760437
0.12964539
0.12734371
-0.086932726
0.08521744
0.12721515
0.1977042
0.12370917
0.114397705
0.11945067
-0.106559165
-0.063772045
0.011542128
0.2274686
0.117841706
-0.07107758
-0.02938448
-0.060607865
-0.101231605
0.022661058
0.06360582
0.15656495
-0.04038013
0.00087449676
-0.07056615
0.09721879
0.24576886
0.25361845
0.013508432
-0.0037030247
-0.08073478
-0.10906336
-0.056916174
0.070258774
0.026019208
-0.11455686
-0.036781892
-0.04276621
-0.070828676
0.23179695
0.3914333
0.30471933
0.036139578
-0.16854273
0.07543691
0.2232861
0.28344604
0.017720714
-0.12697132
-0.038218234
0.006528506
-0.0172788
0.030306702
-0.055109352
0.15153942
0.11856744
-0.14642537
-0.14039584
0.16632512
0.16583802
-0.094662875
-0.06798799
-0.029772038
0.20977406
-0.07198768
-0.045162257
0.08368446
0.10944729
0.0010510862
-0.2262165
-0.17495385
0.046823435
0.14966197
-0.06434363
0.041517902
-0.0010263763
-0.23063795
-0.13010107
0.06876753
0.11345938
0.13070431
0.10864503
-0.044758473
-0.07926385
-0.042701907
0.10059842
0.2209105
0.3037572
-0.072138384
-0.2559752
-0.21470794
-0.11279248
0.0855566
0.27201325
-0.043167368
-0.085670516
-0.16294108
0.09059964
-0.07166237
-0.01059449
-0.0021039501
0.14513808
0.20516779
-0.072466314
-0.13509059
0.019302277
0.1760268
0.1884825
0.061353285
-0.03950949
-0.0034371808
-0.07144606
0.010511619
0.048782937
0.17431368
-0.010599234
-0.040893406
-0.048953414
-0.15504926
0.10971982
0.119322956
0.009048577
0.14688687
0.17258804
0.17754708
0.04240684
-0.1245237
-0.20309608
0.08312227
0.09932233
-0.11790766
-0.18627532
-0.12230885
0.11206573
0.061887804
-0.08412876
-0.1896566
-0.013509953
0.022150474
0.0756821
-0.10865955
-0.08933985
-0.15029013
0.051487204
0.06982123
-0.010623847
-0.038591996
-0.0925118
-0.02113254
-0.1939008
0.015112515
0.3006795
0.026118942
-0.09326413
-0.088047184
0.33454964
0.17165768
-0.12870756
0.039315175
0.09508979
0.3064485
0.10331241
0.04812085
0.007407009
-0.031237243
0.05512242
-0.025006004
0.04043004
0.09792063
-0.111291975
0.09134059
-0.043003287
0.2872664
-0.10983486
0.24687287
-0.038886268
-0.18947692
-0.0257124
0.04366368
0.15470107
-0.39187557
0.0882292
0.061136052
0.007465681
-0.18503037
-0.44374946
0.20179972
0.02004179
0.117835075
-0.196527
-0.30858168
0.25594762
-0.021226432
0.20719524
-0.047946423
-0.2164619
-0.008100311
-0.10736285
0.24823461
0.016311262
0.5238438
0.36027348
-0.33899686
0.034238666
0.15796459
0.6033641
-0.13092993
-0.25468993
0.100310765
0.26809934
0.36046666
-0.43161395
-0.23665483
0.12138033
0.131013
0.21274075
-0.26322213
-0.050746214
0.11558995
-0.057798207
0.032580536
-0.06254825
0.18491682
-0.06506562
-0.09585911
0.2568724
0.18706588
-0.13766567
-0.09825943
-0.102981664
0.20493612
-0.3326136
-0.07244736
-0.11764911
0.3597476
0.3158581
-0.40271896
0.02662391
-0.18598405
0.38637304
0.29484186
-0.349102
-0.0011455741
-0.29569492
0.12929839
0.11243813
-0.1645743
0.05759583
-0.21796803
-0.09264066
0.047297284
0.075693786
0.25421494
-0.1560933
-0.08421275
0.13229264
0.28878522
0.12563051
-0.011189991
0.012886778
0.09787266
0.17737982
-0.081903696
-0.020539984
-0.11883815
0.13240184
0.08373581
0.008087624
0.010940565
0.03274388
-0.03534903
0.0024999355
0.045702662
-0.06941839
-0.15998138
0.005129373
0.11189449
-0.019162383
-0.06662764
-0.026335677
0.20117979
0.23675902
0.19843204
-0.019705813
0.12045075
0.26316598
0.17061435
0.16004649
0.1142151
0.15003164
0.06759004
0.0070255455
-0.05055703
0.00044622383
0.13731612
0.1318009
0.04891228
-0.10955552
0.19063053
0.05385928
0.016875448
0.032671645
-0.056754757
0.123002045
-0.009202976
-0.424116
-0.24048696
-0.065342404
-0.25861704
-0.50295234
-0.18305115
-0.018882181
0.12854713
-0.15038584
-0.014605413
0.23613572
0.23253787
0.029952418
-0.14062174
0.008522633
0.07030097
-0.035879683
0.020991242
0.099304914
0.123224735
0.056662247
-0.017693479
-0.08362948
-0.16081573
-0.3255917
-0.3978722
-0.12028786
-0.16441935
-0.017780006
0.18229716
0.34543332
0.26618215
0.03146308
0.17378014
0.30675316
0.1947932
-0.153601
-0.24572475
0.008567097
-0.13998957
-0.18883003
-0.02321387
0.08382284
-0.11927851
-0.23045291
-0.17633247
0.0061644907
0.05156196
-0.04119375
-0.42238075
-0.26012763
-0.1226263
-0.04831718
-0.37731653
-0.3481818
-0.06090118
0.11943355
0.25875306
-0.22675909
0.052284967
0.18580827
0.22304639
0.08647935
-0.022288686
0.11952139
-0.06691742
-0.22241029
-0.3386886
-0.13566193
-0.21858124
-0.28246614
-0.0010545214
0.1379559
0.076337405
0.101816446
0.29680103
0.1677055
0.1512305
0.07341479
-0.11667296
-0.055569224
-0.07989841
-0.035652276
-0.28135312
-0.22819301
-0.010746032
-0.090694144
-0.109921016
-0.038370684
0.23433523
0.19040447
-0.047305763
-0.05164304
0.13401215
0.2386405
0.20178106
-0.0044304994
0.0018559357
0.24446282
0.2184574
-0.17703502
-0.13790013
-0.08703264
0.15555151
-0.09778813
-0.13249329
-0.0124125965
-0.015222887
-0.059312962
-0.119457416
0.07058913
0.20349512
0.11591073
-0.058920342
0.041425075
0.16789293
0.06733343
0.12281815
0.021007638
0.015858816
0.032278106
-0.01670875
-0.038522366
0.052332345
-0.13200179
-0.13893054
-0.07387868
0.0090004755
-0.077160545
-0.25340852
-0.2406739
-0.23484157
-0.22142263
-0.03247526
-0.036241386
-0.10974764
-0.22880022
-0.15420994
0.01863582
0.11915067
-0.044695266
-0.09327056
0.0685368
-0.013622749
-0.114077866
-0.22605944
-0.12773205
0.052418344
-0.1831975
-0.031956516
-0.13722913
-0.1441021
-0.03937047
0.24066818
0.36313245
0.38240707
0.3110933
0.055499956
-0.032999128
-0.080665655
-0.08076054
-0.09469928
-0.19040771
-0.0434489
-0.091586545
-0.08586839
-0.035930894
-0.031640682
-0.092988715
-0.17601727
-0.13250034
-0.10058673
-0.12278663
-0.029371832
0.25564173
0.26574698
0.1992917
-0.061948616
0.30348656
0.39011842
0.107814714
0.2360868
0.117350824
-0.2684872
-0.53809816
-0.5223086
-0.17333014
0.007249537
-0.0004863486
0.08513848
0.04443874
0.081800595
0.09845718
-0.06295568
0.050553612
-0.06891729
0.10161884
0.2808674
0.11077554
0.04987003
-0.008180099
0.1415408
0.18827888
0.20907634
0.2727132
0.18975739
0.07147038
0.20027904
0.13159119
0.0031495139
-0.29718998
-0.31387162
-0.21486406
-0.14453505
-0.058485385
-0.06684528
-0.05273831
0.078862235
0.0686912
-0.039920956
0.003894506
0.09943321
0.055831682
-0.023508351
0.01943206
-0.10149664
0.055760756
0.029898636
-0.14487666
-0.24250224
-0.31544206
-0.10373923
-0.14053544
0.15674698
0.28563756
0.2948975
0.24820715
0.09139277
0.12952936
0.12149497
0.10000768
0.0073251864
0.020441994
-0.032955587
-0.11421809
-0.15519221
-0.24858941
-0.17447467
0.008814306
-0.0739006
0.06733338
-0.05955231
0.03648411
0.10230488
0.13419165
0.015850762
0.082604684
0.15586914
0.09582622
0.107929856
0.023186455
-0.04413972
-0.058335036
-0.02566108
-0.124893494
-0.013714572
0.08991981
0.011407794
0.0062057744
0.05708999
-0.066948645
0.050949343
-0.1301454
0.06619726
0.051360648
-0.024207387
0.021654986
0.118441425
0.08363748
0.0093031265
-0.07215887
0.006121529
0.06942884
0.05365825
0.03152157
-0.06653195
-0.12224162
-0.013227862
0.058301527
0.0731522
0.083949134
-0.07285364
-0.07679788
-0.0941641
0.032969445
0.06596724
0.021510176
-0.027817395
0.051996995
0.15669441
0.02887937
0.0069926274
-0.13338618
-0.18312608
0.18504888
-0.024705546
0.031125912
0.16470076
-0.18526703
-0.15607747
-0.079854615
0.23162653
0.16988778
-0.17534257
-0.29139277
-0.15918952
0.04751569
-0.051664904
0.08153395
0.003252595
0.16380599
-0.13179816
0.07437078
-0.0597578
0.0421491
0.020183994
0.06405567
-0.032546446
0.016551796
-0.13118277
-0.0029216502
0.12662822
0.11214543
-0.12247491
-0.45107025
0.06038885
0.11872827
-0.024949009
0.13434194
-0.11613688
-0.31625828
-0.3986856
-0.16376361
-0.1648128
0.049416114
0.12323998
0.16899073
-0.08557109
-0.021288967
0.14156736
0.08586271
-0.14235824
-0.06293429
0.052063398
0.25371906
-0.08827056
-0.08307887
0.08076095
-0.14760475
0.2016394
-0.05238292
-0.053559586
0.089556195
-0.10331533
0.10584514
-0.004734666
-0.05284362
-0.18769653
-0.032624364
0.053979743
-0.09365989
0.08879238
-0.059347015
0.09157726
-0.00407234
-0.114280365
0.015248058
-0.07364214
0.04155935
0.1978975
-0.13566266
-0.08347325
-0.07311803
0.033834644
0.34032747
-0.0490038
-0.12599862
-0.17088242
0.0053528086
0.014115739
0.20906092
0.21547651
-0.100565456
-0.09251654
-0.11273356
-0.04076488
-0.0271299
-0.00603001
-0.06590913
0.096062355
0.1736055
-0.03380468
0.003637506
-0.05593259
0.07216826
0.079886556
0.099596694
-0.036321588
-0.13584249
-0.22265814
0.09184106
0.1296807
0.04716527
-0.075646944
-0.19309756
-0.14496328
-0.06753978
0.009038464
-0.04364929
-0.16771832
-0.113267876
0.03449264
-0.091072574
0.09886193
-0.09594758
-0.043403827
0.03625847
-0.00080157124
0.0143538825
0.052285366
0.12637927
0.110533796
-0.01933865
-0.10244412
0.097085334
-0.016599352
-0.008516541
-0.0140718585
0.019040452
0.14460886
0.029082872
-0.04679489
0.14341596
-0.09931297
0.16073436
0.12779313
0.048813157
0.18717854
0.16048281
-0.011679447
-0.30611172
-0.09331409
0.22335848
0.1389079
-0.14304346
-0.3137421
0.086169705
0.13355589
-0.048814114
-0.03671144
-0.025812156
0.15391675
-0.035512984
0.033807248
0.10958297
-0.0042005656
-0.17154348
-0.12489334
0.09339436
0.046272386
0.041659825
0.12679872
0.054044265
-0.049256288
0.081728496
-0.05055524
-0.08460335
0.2345143
-0.029274449
0.20126152
0.28944907
-0.12964828
0.03870532
0.09654357
0.3478908
0.18805602
-0.25966
-0.039003298
0.14482847
0.08273524
-0.018479671
-0.08333926
0.042151704
0.02952747
0.13650502
-0.05176087
0.08017356
0.06751401
0.383731
0.08033964
-0.22741207
0.17158885
-0.14713235
0.13498417
-0.11413063
0.06244182
0.37869775
-0.046627317
0.017298559
-0.25615305
0.3193098
0.27603048
0.016855286
-0.11806733
0.103586346
0.24253114
0.021598943
-0.04504497
0.16195749
-0.08522939
-0.059895527
-0.055546127
-0.026110215
0.17495629
-0.07677505
0.19929264
0.2727583
-0.14318891
-0.03325138
-0.15619892
0.13360943
0.30094802
-0.06514772
0.02994157
-0.25070828
0.017423986
0.017174574
-0.06432842
-0.08107028
-0.05238628
0.00925841
0.05994914
0.016519733
-0.095752954
0.15446965
0.105616495
-0.16356009
0.0012970143
-0.06510101
0.09446052
-0.19716369
-0.11299453
0.16166292
-0.06824965
0.05730899
-0.21691716
-0.168824
0.04311345
-0.10360154
0.020553794
-0.10526894
0.0118605215
-0.06398621
-0.023794003
0.053967834
0.09136598
-0.028735364
0.034553908
-0.076028675
0.08935869
-0.0723845
-0.07171292
-0.051059883
-0.039004665
0.10836194
0.079744995
0.05738972
0.09360518
-0.0973936
0.14542066
0.10899039
0.042985704
0.0051192674
0.042288728
0.07119895
-0.04152921
-0.14901386
0.016785283
0.11307865
-0.10435852
-0.13859878
-0.02658799
-0.029406942
-0.009022167
0.046731062
0.21418495
0.13871956
0.17982289
-0.14609057
-0.0917268
0.13750784
-0.12562144
0.064878784
-0.111311026
0.10165242
0.20697068
0.07015556
0.18014286
0.017842183
0.14151187
0.047985215
0.0704603
0.11826079
0.16653354
0.058050748
-0.12221503
-0.07015752
0.036713578
0.0071183313
0.0070584626
-0.093037836
-0.15424004
0.22680499
0.018448297
-0.2876978
-0.07499715
0.021327121
-0.13232715
0.13371548
-0.28481126
-0.032279667
0.2201387
-0.16077872
0.17886381
-0.118168525
0.14100005
0.15638456
-0.23370507
0.14675549
-0.09219128
-0.16221914
0.019791825
-0.07014196
-0.0952864
0.091172256
-0.07581283
-0.21475947
-0.2090534
-0.075590566
0.22259387
-0.0034939866
-0.25819
-0.044618484
-0.099253334
0.315826
-0.07529269
-0.30024105
0.08402458
-0.031149415
0.19042659
-0.06089751
-0.104875915
0.09529428
0.023429224
-0.13707453
-0.067379616
-0.16371301
0.06580513
-0.06954627
0.12672864
0.07828144
-0.05979894
-0.30030045
-0.068665475
0.29429257
-0.14468162
-0.017096486
0.0075407624
-0.0670584
0.33828574
-0.24112394
-0.30163088
-0.040630322
-0.13693193
0.18708673
-0.095417134
-0.09309241
0.16419452
-0.23352577
-0.050916795
0.036695514
0.10735056
0.27346522
0.09991923
-0.022771897
-0.13050613
0.07296778
0.16189672
0.030053513
-0.13085353
-0.09204138
-0.077312544
0.029133603
-0.04365872
-0.04097396
0.07374955
0.09341832
-0.061063096
0.12049273
-0.09825875
0.066797785
0.12745321
0.121584736
0.06817915
0.06499032
0.027120026
-0.0773934
-0.011428141
-0.114501156
0.008126612
0.04170476
-0.22529338
-0.07124119
-0.027572736
-0.007296483
0.04244455
-0.015914576
-0.11758394
-0.14415053
-0.13155445
0.015840527
0.051240444
-0.22317317
-0.20687427
0.010887812
0.14162944
-0.034752924
-0.12729277
-0.08951133
0.029627195
0.017457308
-0.14504093
-0.25590974
-0.0041375663
-0.19583783
-0.065321885
0.1325493
0.027710788
0.060337972
-0.21121664
-0.0977919
0.2209885
0.21941826
0.22975245
-0.14389683
-0.015111865
0.30216607
0.16306445
0.28845066
-0.08785793
-0.091100454
0.2523384
0.19842803
0.059910677
-0.09394764
-0.049255494
0.09655922
0.22670634
-0.020243734
-0.03492742
-0.096816026
0.07532763
0.14468102
0.12764493
0.008675726
-0.31176963
0.12825541
0.29601952
0.25717017
0.20787477
-0.19940804
-0.14638917
0.2327739
0.30975118
0.4917668
-0.20485355
-0.38180694
0.17079382
0.26609275
0.3962761
-0.14243858
-0.21453634
0.028897898
-0.017451799
-0.008035441
0.17425081
0.09693902
-0.15749343
-0.09077371
-0.22252023
0.27579576
0.19991554
-0.07704833
-0.00067185756
-0.3830584
0.34008121
0.43788886
-0.12541816
-0.06814304
-0.37182358
0.4239558
0.4041828
-0.21995476
-0.14393552
-0.23112701
0.29559308
0.36631432
-0.056843847
-0.07949445
-0.07951241
0.14800654
-0.22449271
-0.2264175
-0.0054123704
-0.09416983
0.33680382
-0.005311554
-0.32538822
-0.28949237
-0.2452814
0.2782249
-0.01937675
-0.26311535
-0.35050115
-0.26236546
0.41586033
0.29901206
-0.26840794
-0.184997
-0.27598265
0.08478209
0.20947179
0.044409756
-0.11621371
0.009742128
-0.026913455
0.03028061
0.043646794
-0.0678184
-0.042845186
-0.17771657
0.12859233
0.053863004
0.19615221
0.052943975
-0.12313691
0.12842704
0.28519192
0.28104138
0.117761716
-0.14733344
0.0027183606
0.24381462
0.24561496
0.19383155
-0.13366115
-0.023791235
0.21021686
-0.016591372
-0.011971336
0.10232831
0.18570587
0.009603634
-0.06389719
-0.05153009
0.12423523
0.23327515
-0.020772725
-0.13692632
0.13484505
0.24983093
0.038073685
0.06618216
-0.16058059
0.14322071
0.15055265
0.13729514
0.022137295
-0.04932391
0.102715984
0.053484958
0.19283375
0.012037521
0.13054386
0.04776777
-0.016785864
0.28891513
0.1794234
0.01175352
-0.18506874
-0.21194375
0.15766206
0.015579607
-0.014411756
-0.3573872
-0.19977619
0.13775909
0.02710451
0.10872969
-0.14767508
-0.018300835
0.13308392
-0.15189302
0.059911825
-0.080523096
-0.15079302
-0.05638772
0.009330519
0.074133076
0.10074777
-0.15864779
-0.04597737
0.059376176
0.07782641
0.14834036
-0.31927288
-0.19723417
-0.021055214
0.15241703
0.51248175
-0.23143467
-0.17406586
0.020488735
0.15491894
0.38645443
-0.318525
0.0030163997
0.1504334
-0.16495378
0.22738628
-0.14759587
0.17764312
0.1662061
0.14680615
-0.08500454
-0.027785117
0.13431194
-0.12447678
-0.11166084
-0.45684293
0.079632156
0.16255634
-0.19162005
-0.35670352
-0.5071308
0.2363248
0.20558217
-0.16652563
-0.031275094
-0.40163654
0.3565127
0.13015282
0.0077596237
0.14188458
-0.18241009
0.25782374
-0.0821296
-0.028991692
-0.19308816
-0.28046563
0.021593703
-0.18537371
-0.0380556
-0.09448213
-0.31001592
0.35715172
-0.03003206
-0.032084174
-0.16859876
-0.40157035
0.2890184
0.00387473
-0.12056429
0.032562923
-0.27456647
0.21623597
-0.13976708
-0.036562026
0.021340916
-0.20613253
0.3106528
-0.09337018
0.09365664
0.1892515
0.14426072
-0.2586976
-0.041384116
-0.07125968
0.21815595
-0.03729058
-0.27322286
-0.22644353
-0.03093443
0.15524378
-0.06085628
-0.3820195
-0.14024241
0.035342906
0.072316594
-0.15947571
-0.38511053
-0.0027955554
-0.11228719
-0.02198342
-0.15055
-0.14237617
-0.10240335
-0.10822105
-0.017247917
-0.1252818
0.026093885
0.03764573
0.049425777
-0.0748428
0.02414778
0.07705234
0.04096494
-0.112655066
-0.097084224
-0.05815513
-0.11803134
-0.15412527
0.012513441
0.042088374
0.07088544
-0.087109245
-0.027625315
-0.048320062
0.12307029
0.038484305
-0.05492377
0.09449292
0.03170034
-0.02675539
-0.08729153
-0.078966714
-0.031059766
-0.062708005
0.02517261
-0.17616223
0.09859195
-0.041478414
-0.0747273
-0.10360433
-0.13015254
0.24707691
0.17305827
-0.17021143
-0.0767524
0.12816018
0.23426084
0.04470338
-0.1456104
0.1575446
0.15700997
0.17027545
0.023349289
0.04151595
-0.086727716
-0.16675983
-0.2895072
-0.10084959
0.00576789
0.075350694
0.017850034
0.05029673
0.11572535
-0.14403296
0.084672995
0.07560676
-0.08393201
0.061216354
-0.06877281
0.08231911
-0.12586057
-0.15509927
0.08258991
0.22072251
0.13160855
-0.11765509
-0.20349361
0.13433307
0.094296105
-0.008670941
-0.029690957
0.06667659
-0.2186816
-0.1001821
-0.085551016
-0.04809161
0.0876324
0.024746949
0.15597309
-0.10124245
0.00371394
0.14651056
-0.055263445
-0.13258742
-0.1831281
0.102336116
0.10559654
-0.19158502
-0.106248185
0.015369425
0.17416826
-0.0937813
-0.3777733
-0.23463029
0.021242809
0.17310214
0.21866477
0.09048965
-0.044803794
-0.05185872
0.12617823
0.0048419726
-0.054177288
0.17488752
0.011970574
0.07103381
0.0057267165
-0.2812243
-0.15160272
-0.14046288
0.071873315
-0.15373014
-0.43273032
-0.18583776
-0.14176978
0.14350007
-0.11585257
-0.30787522
-0.05330468
-0.035023216
0.01655428
0.040259875
-0.06573003
0.023370145
0.0022139882
-0.10768323
0.013980672
-0.042602267
-0.06850468
0.14255911
-0.14340264
-0.015029352
0.012953156
0.0017977551
0.00610089
-0.07875722
-0.050062984
0.07544154
-0.11977609
-0.0024504845
0.025985898
0.16214556
0.05248993
-0.13676341
0.07190759
0.1885179
0.10811632
0.14454399
-0.09614631
-0.084001414
0.056381524
-0.09971191
-0.04144752
0.038707245
-0.12816446
-0.055823807
0.04707813
0.07038276
-0.13649228
-0.12380391
0.05730439
0.19574542
0.08535646
-0.04186368
-0.14268579
-0.10707451
-0.0033541052
0.050263282
-0.081675835
-0.042133573
-0.0905201
-0.009242472
-0.09988218
0.071715735
-0.25010917
0.028176108
0.09631819
-0.12409295
0.08719606
-0.20216095
-0.1011847
-0.29593754
0.033079747
-0.038170803
0.1418151
-0.12774116
-0.16965309
-0.07131257
0.015784401
0.26644835
0.13072999
0.06712306
-0.10755503
-0.24200848
0.002058783
0.06128271
-0.0006842223
-0.053020388
-0.16101946
0.091083124
0.013774681
0.2537057
0.10040288
0.0077828453
0.25634384
-0.18128759
-0.121113226
0.16552931
-0.110459805
0.627189
0.41293773
0.1922537
0.1911168
-0.15706673
0.27126917
0.46090138
0.14556739
-0.019896217
-0.22943605
0.01266381
0.054647237
0.12683453
0.01761685
0.05167796
-0.15430348
0.07525651
-0.05974152
-0.17353866
0.12749529
-0.20244756
0.19420418
0.009360593
-0.19040525
0.06010652
-0.24022584
0.06018129
0.114638776
-0.024235647
0.16276833
-0.033703517
-0.06641431
0.18027268
0.06561577
0.14280103
0.05867785
0.13752642
0.03171283
0.0785426
0.17495278
0.094082214
0.17144854
-0.019398844
-0.12749635
0.22267847
-0.10399824
0.19753899
0.23619519
0.036685433
0.29942396
-0.4551323
-0.11145785
-0.056650877
0.077408046
0.2708758
-0.08518806
-0.308508
0.041465856
0.043280803
0.26485872
0.036677156
0.029642183
-0.032116674
0.07857731
0.15299837
-0.12589027
-0.10501387
0.19568694
0.017712798
0.081506684
-0.08320371
-0.06007502
0.045666732
0.0012264256
0.15471427
0.09558594
-0.034912806
-0.038043145
0.12608594
-0.031014292
0.0148657225
0.25868016
0.0027579982
0.018488461
0.057058718
-0.13550858
-0.13025115
-0.0858236
-0.22365817
-0.15202886
-0.14403398
-0.16817117
-0.19177732
-0.20557743
-0.12121002
-0.2745077
-0.3402816
-0.15958685
-0.12093246
-0.014387137
-0.19333042
-0.24696882
-0.12705977
0.064286366
0.17950468
-0.069612004
-0.043184515
0.19992553
0.09977524
0.068647884
-0.043961234
-0.11077574
-0.05249818
0.3808325
0.15947323
0.096819066
0.32924485
0.4785702
0.33474505
-0.07509424
0.4020003
0.46020314
0.136785
-0.33859372
-0.17601462
-0.012887036
-0.36395052
-0.45869893
-0.25014925
-0.20464589
-0.4756589
-0.33250087
-0.23849124
-0.091566145
-0.12244137
-0.026900932
-0.019919774
0.18756418
0.059016872
0.14767325
0.11570457
0.19133486
0.046146337
-0.18174167
-0.1707129
0.35081142
-0.32825533
-0.490855
-0.006320463
-0.039963923
-0.53059685
-0.46374038
-0.050841838
0.0836347
0.049197666
-0.11210328
0.16307954
0.052563366
0.1060068
0.25098827
0.10895188
-0.043023996
0.04912851
0.23716836
0.21125722
0.0026429256
0.1268766
0.33404467
0.07009543
-0.16645944
0.023184303
0.19476137
0.045341976
-0.44393057
-0.1620504
-0.038024995
-0.23700213
-0.44601282
-0.03787626
0.17033626
-0.38391083
-0.05656565
0.12124787
0.38792294
0.22300987
-0.070641935
-0.06167905
-0.04818208
-0.193786
-0.1115135
-0.15948346
-0.10734763
-0.043306123
-0.11979697
0.0059024263
-0.1640422
0.0315354
0.09035571
0.016736029
0.27994758
0.21144378
0.24808736
0.003060614
0.09541917
0.06326693
-0.026625743
-0.15360102
-0.01968748
0.08778033
-0.046897613
0.02937415
-0.106434084
-0.17825262
0.10673493
0.048364405
0.08294396
0.10838481
0.01460078
0.074187696
0.11937434
0.14554341
0.25815505
0.15069364
-0.1354677
-0.10767215
0.011370335
-0.0067060036
-0.049388316
-0.16824502
-0.11156284
-0.17316625
-0.26004353
-0.29235634
-0.16476206
-0.078701966
-0.10519285
-0.031114258
0.16404021
0.22960989
0.28628767
-0.12566727
0.15780777
0.2501734
0.19697057
0.20022273
0.078490205
-0.07156684
0.06865793
0.025395108
0.1702467
-0.0067613516
0.056351557
0.017981496
-0.021424288
-0.012278232
0.0010616272
-0.13025402
0.09757518
0.14133006
-0.08964367
-0.0035352225
-0.13651831
-0.1186583
-0.3409919
-0.35145795
-0.0052704224
-0.22052655
-0.23295838
-0.20194109
-0.067243166
-0.02507517
-0.014881496
0.09712819
0.099731624
0.18262103
0.05281018
-0.10671881
-0.012111681
-0.0707659
-0.057664566
0.05514808
-0.13573253
-0.11751823
-0.24534151
-0.06697702
0.23946495
0.07531676
-0.38147002
-0.32677573
-0.22913966
0.32667512
0.3034397
0.16042304
0.3886184
0.1395645
0.28949785
0.2053375
0.1794955
0.1524801
-0.15377432
0.1552418
-0.00081601314
-0.11162293
-0.08208525
0.013684083
-0.069047965
0.01583418
-0.057423223
-0.18479064
-0.18257542
0.04122982
-0.14629436
0.097416416
-0.08187287
-0.15050496
-0.08101857
-0.27055928
0.081501104
0.023818169
0.1779348
-0.39334798
-0.18943779
0.24930696
0.100939944
0.24287072
-0.13297959
-0.10308475
0.09399044
-0.108779155
-0.037165366
-0.06684824
-0.1254824
-0.038741462
-0.029172586
-0.058722943
-0.25319335
-0.053163283
0.31999734
0.18198957
0.3427072
-0.27929673
-0.17523447
0.07759901
-0.065708004
0.07674906
-0.32531515
-0.08609189
-0.17744018
-0.14979881
-0.05623548
-0.16163333
0.20440711
0.14948256
0.2266268
0.11307113
-0.017746804
0.04005818
0.15379336
0.084157914
0.22489987
0.12900543
0.024219695
-0.048293956
-0.1299412
-0.20755945
0.23811595
0.010503706
-0.18795206
-0.15757842
-0.060415756
0.18704839
0.10320867
0.119529136
0.042073064
0.0036148247
0.20205863
0.12405127
0.005728964
0.18141162
0.09745881
0.12766126
-0.006546688
0.029528033
-0.06687647
-0.11142893
0.035210777
-0.0925448
-0.010252382
0.14174296
0.114217706
-0.025276296
-0.11175397
-0.0049703186
0.18731949
0.18524528
-0.11884764
-0.16468513
-0.06302402
0.07694879
0.23192462
-0.14771256
-0.0037614638
-0.11310686
0.12242738
0.24791858
-0.016098732
-0.08040336
0.0944062
0.094179265
0.09319585
0.01953515
0.081930265
0.07202828
-0.14520748
0.27873233
0.11214849
0.22459872
-0.0016623149
-0.3152541
0.26608175
0.023832615
0.07670295
-0.033149343
-0.3121444
0.15566483
-0.0030468595
0.021120448
0.0045791008
-0.12551746
-0.05850042
-0.08309313
-0.010663349
0.08441378
-0.32757354
-0.13816568
0.23718418
0.19969577
0.27132925
-0.15689023
-0.06427691
0.09965767
-0.16060176
0.16622673
-0.105800055
-0.17592248
-0.062575005
-0.051820923
0.7289451
-0.018906735
-0.41335303
-0.24548076
-0.16772275
0.5903229
-0.046524163
-0.3139216
-0.09310762
-0.3021673
0.20267914
0.018628484
0.041771065
-0.08314834
0.026839565
-0.08611407
0.16584773
0.20778753
0.085247606
0.11164918
-0.27384126
-0.026410636
0.31393662
-0.15004295
-0.06852759
-0.5843057
0.057194468
0.48231992
-0.13267477
0.08513969
-0.44808516
-0.09708259
0.3333013
-0.041610382
0.06565037
-0.28115296
-0.20078121
0.120206974
-0.1921427
-0.17085664
-0.46250042
0.12819546
0.041586135
-0.13354701
-0.07232652
-0.543158
0.33083576
0.20797998
-0.10300386
-0.05652887
-0.7224315
0.2007783
0.3150841
0.10572595
0.02438946
-0.67760813
0.09837536
0.07663163
0.02142672
0.2942333
-0.378938
0.13722238
0.041983515
-0.043114472
-0.084187165
0.0013895229
-0.29930383
-0.05976143
0.13101222
0.086372845
0.0099662
-0.24772947
-0.10678323
0.023077227
-0.044400934
0.12074657
-0.37843385
-0.14318146
0.015637774
0.0035431227
0.18301757
-0.26854745
-0.2819733
-0.1259345
-0.070300706
0.085962
-0.0766007
-0.09637083
0.0752414
0.070947215
-0.027589152
-0.14831352
-0.10223035
0.09796792
0.17306879
-0.166585
-0.240877
-0.12924603
0.17496523
0.14649296
-0.13314652
-0.25777638
-0.12524545
0.12909439
0.14249021
0.044209052
-0.109649226
-0.08971811
0.13332088
0.19864304
0.106871024
-0.03465195
0.0010846171
0.1684723
-0.13672018
0.099647395
-0.043603882
-0.00076977536
-0.17951365
-0.07571544
0.34032395
-0.0135979
0.1830811
-0.28670043
-0.09589251
0.19560903
0.1519008
0.30263546
-0.17403679
-0.13963278
-0.03324105
0.10034108
0.40107095
-0.19930708
-0.08194645
0.06657113
0.041860517
0.06631143
-0.09108155
-0.0113649545
0.10378403
0.061582252
-0.13288376
-0.026724009
0.100009285
-0.0584609
0.097731225
-0.095005944
-3.0839088e-05
-0.4610703
-0.09167558
0.19445272
0.078791685
0.08423674
-0.43456027
-0.26085237
0.012499452
-0.02429059
0.0061912145
-0.11654539
-0.10292906
-0.20052922
-0.14373937
-0.016021077
-0.21807344
-0.004507329
-0.073808305
0.09404209
-0.012115493
-0.053487085
0.12991463
-0.19566043
0.1720135
0.09430382
0.39403337
0.02837661
-0.31327376
0.18934904
0.26808852
0.518257
0.0022483745
-0.11790814
0.061512202
0.2705823
0.19105913
0.02425121
0.1151666
-0.11671012
-0.09900234
0.014709049
-0.019793123
0.087532505
0.033595707
-0.02421972
0.13506278
-0.087916814
-0.20099509
0.014546502
0.19294849
0.5447942
-0.052815754
-0.11135406
-0.14886674
0.19311124
0.5341162
-0.04349988
-0.03127539
-0.0769262
0.038127113
0.06503354
0.07315173
0.0781744
0.029614773
-0.08920328
-0.08787647
0.1994083
0.122107916
0.009488666
-0.13284203
-0.07158013
0.202352
0.18648495
0.03890204
-0.0144914035
-0.1636127
0.05798998
0.10902956
0.18912825
-0.040163174
-0.20259283
0.014335524
0.13950507
0.21920918
-0.19190145
-0.21313094
-0.1812219
0.045633864
0.0150967315
-0.0357713
0.028775671
-0.11865037
0.004109428
-0.18192653
-0.043557346
-0.023294047
-0.11268515
-0.21459472
-0.08992824
0.03279399
-0.023466703
-0.1936613
-0.07901765
-0.077685386
0.065275505
-0.027869266
-0.06908022
-0.11036666
0.13212714
-0.061169926
-0.13941443
-0.16001324
-0.093768746
0.06161689
-0.06947248
0.05437078
0.04336379
-0.03585281
-0.007335054
-0.058140207
0.34475636
-0.074146196
-0.031858064
-0.1482233
-0.0793411
0.13752791
-0.0768865
-0.07943881
-0.14166088
0.007763137
0.28835478
0.08814234
-0.2581751
-0.0714789
-0.019297631
0.2169129
0.097211294
-0.14651744
0.25101498
0.14803027
0.25112668
0.21887508
-0.07259772
-0.117000155
-0.04747086
0.015103543
0.14356574
-0.24675593
0.016280806
-0.19760367
-0.25416356
0.30555406
-0.044910416
0.16785508
-0.028827513
-0.23535354
0.11526915
0.06189754
0.13869657
0.044813074
-0.3780767
0.24585374
0.16483153
0.021883033
-0.14929518
0.08695508
-0.036804955
0.1160257
-0.13029958
0.032093763
0.28063852
-0.27217546
0.1014323
-0.08731167
0.01816092
0.28981498
-0.30630794
0.009070731
-0.16520506
-0.16341186
0.102355026
-0.34219408
-0.30138057
-0.0049013584
-0.08049161
0.12818809
-0.34273916
-0.37764275
0.20817287
-0.056429986
-0.045186188
-0.09036489
0.0984378
0.047634207
-0.035039175
-0.045755547
-0.22171013
0.14927465
-0.045805186
0.13943449
0.20087636
-0.23131134
0.04200795
-0.15160407
0.07103108
0.16309892
-0.32435834
0.081203744
0.0835752
-0.015468287
0.25934717
-0.23503067
0.048849028
-0.032349054
0.0740446
0.073864765
0.17457896
3.715622e-05
0.09217985
-0.009971817
0.22251661
0.2688166
-0.013122396
0.1268194
0.03870332
0.1921478
0.40881068
0.19545162
-0.018524928
-0.07768372
0.08047025
0.5001771
-0.058604
-0.14419854
0.0040274723
0.25539052
0.32862613
0.031099303
0.081734374
