0.013030714
0.045143753
-0.008806171
-0.037506707
-0.072949275
0.037888188
0.08281031
0.008508697
-0.102735385
0.072370686
0.030139457
0.04048872
0.019369772
0.0009785857
-0.027462898
0.1059515
0.029288808
0.036059044
0.03273665
-0.053531677
-0.033707872
0.0748101
-0.059879478
-0.00711752
-0.11154554
-0.054005086
-0.051280145
0.015248701
-0.0024038544
-0.0028577675
-0.05607028
-0.06121742
0.055754617
0.005271556
-0.022914235
-0.077082016
0.03939276
0.021359215
-0.056144007
-0.021156257
0.07986309
-0.11414707
0.042855766
-0.07366748
-0.100737065
-0.013540278
-0.008149987
-0.01985085
-0.027364885
0.000952336
0.0032139656
-0.009139026
-0.0476735
-0.0109612355
-0.088979706
0.058215793
0.103055894
-0.066195115
-0.08485832
0.019937677
0.05903013
0.060205188
-0.049090292
0.022116022
-0.097735934
0.004783678
0.109074384
-0.027378878
-0.08944929
-0.019327624
-0.02404486
0.094067425
0.017311947
0.025111396
0.054217704
0.03999489
-0.062959656
0.08345309
-0.027528824
-0.0854432
0.014217219
-0.027103093
-0.031691186
-0.059638992
0.08083582
0.07736051
-0.047131505
-0.06406683
0.02476568
0.035675883
-0.058045223
-0.05797946
0.022087906
0.026127892
-0.005191786
0.019638818
-0.11423314
0.107773274
-6.6794935e-05
0.020366883
-0.025228566
-0.09005016
-0.019688359
0.049774732
0.011302897
-0.10184748
-0.11659906
-0.11254847
0.011746587
-0.03576635
0.13895465
0.034616165
0.025027128
-0.102490686
0.062070675
-0.027679902
-0.060652822
0.038690526
-0.043305695
-0.116919175
