-0.06959806
-0.034418754
-0.0009595116
-0.05016119
0.07584448
0.18117549
0.084065296
0.11951479
-0.054750994
-0.031879704
-0.0952496
-0.024203705
-0.027106596
0.087319255
-0.10158525
-0.0014536744
0.0014860798
-0.009547265
-0.0435929
0.11130604
0.043010987
0.076038815
0.018052092
-0.015023235
-0.04666959
-0.06104769
0.06814497
0.056114424
0.056784876
-0.13097918
-0.052636866
0.00055025425
0.004418795
-0.053334016
-0.08363355
0.118756026
0.0223018
-0.10385246
-0.007124865
0.028947495
-0.003503858
0.006519587
0.01808678
-0.05122757
-0.060351312
-0.08148496
-0.0065638754
0.118988976
0.044425268
0.081105955
-0.015059723
-0.013448446
0.11847342
0.110732265
0.027401518
-0.017287277
0.059250195
-0.20654473
-0.010217827
0.019669317
-0.0002401126
0.0625186
-0.07917419
-0.028847024
0.07139644
0.0496466
-0.13020417
0.008901082
-0.0063776374
0.099154346
0.08562758
0.020323653
-0.046067785
0.10645989
0.061538715
-0.0791089
0.11258782
0.1302834
-0.18396452
0.11908616
-0.031180874
0.1433263
0.014368711
0.029325113
