0.26772457
-0.41326874
-0.28835177
-0.44896308
-0.15098295
0.39765283
0.14537975
-0.17606965
0.41813302
0.16025665
0.56682444
0.52587837
-0.31329498
0.06996138
0.06466732
-0.21831335
0.13369142
0.23684849
-0.1884369
-0.15729403
0.10209302
-0.06232643
0.23914352
0.13374782
-0.33561453
-0.3214784
-0.24381489
0.0656248
-0.19249296
0.35814282
0.24410206
-0.008243275
0.021104824
-0.12661576
-0.059079885
0.28850955
-0.09986789
-0.3855308
0.365332
-0.13867787
-0.07125454
0.44097376
0.1996688
-0.32794532
0.2514093
-0.11832847
-0.31072938
0.17441572
0.1694739
-0.2050784
0.41075706
0.17030752
0.18985133
-0.38793713
-0.1645636
0.13769485
0.062727176
0.32396817
-0.022672392
-0.28037542
0.2674104
0.4405608
0.25925413
0.27173924
-0.00911975
0.059774734
-0.30377278
0.30521047
-0.10991975
-0.37222344
0.041757118
0.3944227
0.19551784
-0.2108782
-0.15721665
0.086678684
0.37588543
-0.0608792
-0.07508
-0.15756817
-0.22753735
0.22994591
-0.23587605
-0.4040669
-0.09489238
0.28946614
0.111134805
-0.2811406
0.20819087
0.011909679
-0.31917012
-0.39451984
-0.42548198
-0.021764064
0.052137535
0.3992067
0.43113
0.010525659
0.17995684
-0.2638396
0.19090281
0.2477809
-0.1303812
-0.09582854
0.26783535
-0.39051098
0.3135331
0.316733
0.25097442
0.13026392
0.23787072
-0.42690086
-0.17343555
0.025374321
0.17535797
0.30824402
0.26357093
-0.3434045
-0.2871307
0.39818087
0.33885428
-0.16593756
0.33532703
0.257531
-0.36968657
0.08175535
0.15076476
0.37372026
0.40953824
-0.17471847
0.08017851
0.15504856
0.09999543
0.14309016
-0.2742443
-0.29313412
0.04805952
0.3593568
0.19564986
-0.1694974
-0.0008260548
-0.5656168
0.15517157
-0.086852014
0.15609485
-0.31022456
-0.2141921
-0.0067876074
0.20882364
-0.03453966
0.06971249
0.08634135
-0.14491954
-0.222241
0.26527616
0.19874567
-0.29755077
0.20273829
0.30522817
0.08284935
0.120983936
-0.17709519
0.49809203
-0.1988735
0.1882415
-0.3551927
-0.24694686
-0.14427814
-0.2671996
-0.06028812
-0.28708765
-0.07261832
-0.30928534
0.29168275
0.08669505
-0.26944274
-0.12154666
0.28004476
-0.31186283
-0.14590016
0.21001737
-0.22296794
-0.18106738
0.29667127
-0.24404526
-0.16896987
-0.03366919
0.46844015
0.040812217
-0.24600217
-0.39606303
0.11431737
-0.12305979
0.18928719
0.3107694
0.35605034
-0.059934054
-0.07450502
-0.30626673
-0.3293317
0.117381714
-0.43133736
0.027242323
-0.2264428
-0.14801794
0.20384112
-0.42516196
0.1825203
-0.054093067
0.3266621
0.22575355
-0.0674847
-0.03785072
-0.09638436
-0.41231284
0.014522203
-0.24576727
0.23890153
-0.27428174
0.2976382
0.16677302
-0.12567885
0.37332922
0.272336
-0.2823495
0.42695734
-0.069511056
0.014821755
0.11486282
-0.14155388
0.34452894
-0.40397102
-0.09319107
-0.26722348
-0.25809857
0.3093714
-0.19598308
0.27234986
0.05778516
0.23622091
0.20622547
-0.26921016
0.073684946
0.14322779
-0.08324223
-0.19530296
0.33136347
-0.36850253
0.33594432
-0.09733909
0.29920483
-0.26081112
-0.26833552
0.10601645
-0.029946176
0.15655805
0.22200093
-0.3181909
-0.32492408
-0.011418057
-0.24141213
0.08030277
0.13071375
-0.33354974
0.41516623
0.089872025
-0.15409826
0.4319276
-0.022968352
-0.22146216
-0.28008857
0.27282792
-0.11852495
0.44568774
-0.16621026
-0.2052545
-0.25477004
0.33798203
-0.37419328
-0.22435516
-0.35112312
0.26739925
-0.3578046
0.13532434
0.1975776
-0.25680184
-0.18687248
0.27348447
-0.120438494
-0.073094256
-0.15447363
-0.4335774
-0.39346355
0.22128683
0.09907792
-0.1260117
-0.030698508
-0.056326177
0.19213648
0.11522318
-0.087099455
0.3966353
0.15885046
-0.16685581
-0.044220965
-0.27999258
0.2771299
-0.14600354
0.45397067
-0.053460564
0.17909092
0.04393848
-0.055918116
0.3156493
-0.27266803
0.14336176
-0.28135204
0.36105087
0.21032
0.28605464
0.29665646
-0.2229851
-0.024321036
0.36741054
-0.4385821
-0.10680551
-0.23307768
0.06611832
-0.13834219
0.17760713
0.038177438
0.3215121
0.20788012
0.19456188
0.30660546
-0.30323392
-0.5531888
-0.38047373
0.146704
0.17425735
0.36824968
0.08160723
-0.25623304
-0.20504095
-0.071671076
-0.19079332
-0.060535114
0.118400484
0.3349885
-0.2577846
-0.10855046
-0.2589771
0.09659
-0.093382575
-0.13215794
0.39428923
-0.12961574
-0.185908
-0.43300268
-0.3758328
-0.2888053
-0.1212792
0.08587709
0.3974812
-0.023201957
0.21569996
-0.006868081
-0.10650446
-0.12735146
-0.3249194
-0.28406903
-0.10570875
-0.06552669
-0.43888438
0.37522247
-0.32783985
0.23815101
-0.42134225
0.30243152
0.103802875
-0.05815157
0.10798554
-0.46439895
0.15642583
0.31238088
0.20763144
-0.1537282
-0.52322936
-0.03895617
0.19581208
-0.3986126
-0.11779941
-0.06183869
-0.14807022
0.3275911
0.102508254
-0.07732102
0.10481896
-0.17994992
0.27890837
0.3762256
-0.11597634
0.37743095
-0.23280369
0.17916213
-0.35600856
-0.08456007
0.010128923
-0.2916191
-0.015459063
-0.39116582
0.048064187
-0.2711232
0.2517249
-0.27819175
-0.20904359
-0.3964684
0.19647522
0.30396166
-0.021878595
0.010596791
0.4171799
0.25072235
0.112446494
-0.31483066
-0.21172003
0.18625861
0.24501581
0.35887617
-0.23048629
-0.0047503263
-0.025489997
-0.056302696
-0.052686553
-0.124894395
-0.12470194
-0.44400796
-0.42383927
0.007656832
0.47553945
0.25398558
-0.26016343
0.28970066
-0.13016513
-0.3917802
-0.33702078
0.32215267
-0.3185059
-0.048346333
0.255841
0.27125853
-0.45480573
0.34269565
0.26692137
-0.13191697
0.2749463
-0.21036993
-0.22728027
0.3318126
-0.24963188
-0.12624703
-0.28203738
-0.047993645
-0.06933221
0.23350224
0.017452363
-0.31702942
0.044275567
-0.27660394
-0.133394
0.19686979
0.19686337
-0.122268535
0.018398937
-0.2968772
0.15193205
-0.3190291
0.5089603
-0.25697598
-0.028943727
-0.075436346
0.1076232
-0.07500777
0.16718748
0.31971496
-0.030247357
-0.24640477
0.17353567
-0.41114065
0.06693856
-0.32936075
-0.14134876
0.09392933
-0.43078452
0.4042597
-0.1502877
-0.13383609
-0.052874453
0.0134819485
-0.18392287
-0.07237116
-0.4606452
0.36581275
0.06795552
-0.3970543
-0.03748572
0.18125454
0.40439454
-0.013560449
0.21007614
0.06626553
0.28794292
-0.25873426
-0.0027419047
-0.23827362
0.057445593
0.14915922
-0.3365688
0.075791486
0.29573572
-0.43979865
-0.18776548
0.34022692
0.3394046
0.1346868
-0.05515469
-0.07025933
0.15323189
-0.029261772
0.009022301
0.1296724
0.19355291
-0.33816096
-0.1860618
-0.19363606
0.45532972
0.39014187
0.07310698
-0.32835567
0.1708871
-0.0418551
0.11627133
-0.31493792
0.2917749
0.24060994
-0.2610402
-0.38733995
0.09371251
-0.2666671
0.3336772
-0.14653297
0.022817755
-0.34695163
-0.3111064
-0.05739274
0.21883127
0.13098384
0.22550616
0.25724062
0.36500922
-0.11868466
0.18503545
0.34014276
-0.35009542
0.059032455
-0.18220139
-0.3706461
0.08957215
0.2052802
0.26978382
0.55128217
0.048301876
-0.37645015
0.005265496
0.1778644
-0.24111891
0.4953572
-0.16366266
-0.060329583
-0.028644782
0.23765323
-0.1867443
-0.27959985
-0.0187711
0.018655498
0.42438054
-0.18976632
-0.2783606
0.010260986
-0.3329677
-0.40501925
-0.15004663
-0.37435374
0.25745907
-0.25335875
0.3372352
-0.14990272
0.2105174
0.25976065
-0.13149892
0.54661113
0.11203607
0.15843895
-0.057659596
-0.18470252
-0.030491143
0.26245734
-0.48046085
-0.20475718
-0.17885226
0.28826612
-0.28991255
0.28269422
-0.20737793
0.15989046
0.01809537
-0.022873163
0.025356667
-0.30720237
0.39283472
0.42633146
-0.11240034
-0.32492456
-0.25247368
0.20222864
-0.39202565
0.15611058
0.31359428
-0.112160884
0.11747489
-0.17416362
-0.21564607
0.29120722
0.274242
-0.23077816
0.14759777
0.042871952
-0.37302777
0.3372013
-0.25813937
0.3211388
0.2690771
0.070932426
0.17783786
-0.39532724
0.30646577
0.054080147
-0.27584884
-0.0066650626
-0.29474616
-0.1911253
0.19291766
-0.4052962
-0.11942236
-0.00899314
0.4925551
0.35928753
-0.31979764
-0.19029993
0.26966813
0.17870057
-0.24155653
-0.3930671
0.30333918
0.4093504
0.0064452775
0.07033623
-0.1584974
0.18402693
0.12693495
0.2700177
-0.1649051
0.3492945
-0.3713449
-0.3626456
0.2277462
0.2581117
-0.2689114
-0.14402053
0.1425422
0.11624571
-0.33504203
0.4305439
-0.29278857
0.13433945
-0.3690551
0.028619692
0.38960207
0.31418678
-0.098108806
0.26096636
0.3124967
0.42159912
-0.04852444
0.13426393
-0.2618231
-0.39736247
-0.2750331
-0.13334204
0.24854448
-0.44404095
0.024980133
0.27854213
-0.07187315
-0.37154728
0.17536375
-0.10637436
0.10444967
0.2257006
0.46331173
0.11037696
-0.14202456
0.022867596
-0.31421903
0.04439751
-0.34875143
-0.3172245
0.15887815
-0.12520917
0.4227061
0.21535178
0.019603493
-0.20252508
-0.2797192
0.15109259
0.21262226
-0.29282272
-0.10141985
0.34962305
0.17357449
-0.27108306
0.36400396
0.33456025
-0.041619703
0.41497916
-0.3270202
-0.264967
-0.11494726
-0.29299664
0.27828473
0.2881312
-0.3312175
0.15065727
-0.3028853
-0.15710407
-0.12902996
0.25403184
0.20412578
-0.23173259
0.022274625
0.11232293
-0.27640113
-0.27194312
0.4304692
-0.30426708
0.2988911
-0.1054839
-0.28507107
0.08193203
0.35796028
0.009011401
0.42009977
0.18146886
0.13805115
0.1318497
-0.23384732
-0.22954158
0.3048132
-0.35455346
0.15924297
0.23491563
0.32912076
-0.14088671
-0.3600952
0.12669475
0.3468576
-0.23202954
0.19449472
-0.31833118
0.04345045
0.2585785
0.029409787
-0.22782819
-0.0027508244
-0.07240966
-0.34448206
0.13278854
-0.46390295
0.47435892
0.103399165
-0.45548874
0.33560768
-0.13872941
0.199039
-0.23410185
0.15018722
-0.3243217
0.19343705
0.36228845
-0.13944592
0.29148027
-0.31536147
0.22191304
0.1655222
0.05030845
0.2116193
-0.15268497
-0.16944957
-0.04410275
0.27644926
-0.2272672
0.042534076
-0.3948137
-0.3310821
-0.054881882
0.49032342
0.38818052
0.012028124
-0.32967612
-0.34488297
0.13423765
0.36057997
-0.094998054
-0.33023536
-0.063696325
-0.19854178
-0.33381888
-0.038570996
-0.10019879
0.19671163
0.24793926
-0.14456706
-0.4179953
0.3278879
-0.28433046
0.32270846
-0.18388358
0.34482816
-0.15981929
0.4303918
